n = 3
principals = [ 7, 4, 4]
sat
resH:
[7, 0, 0]
m0H:
[0, 0, 3]
m1H:
[0, 0, 3]
m2H:
[0, 0, 3]
m3H:
[0, 0, 3]
m4H:
[0, 3, 0]
m5H:
[0, 3, 0]
m6H:
[0, 3, 0]
m7H:
[0, 3, 0]
m8H:
[5, 0, 0]
m9H:
[5, 0, 0]
m11H:
[5, 0, 0]
m10H:
[5, 0, 0]
m13H:
[5, 0, 0]
m12H:
[0, 0, 3]
m15H:
[5, 0, 0]
m14H:
[5, 0, 0]
m17H:
[5, 0, 0]
m16H:
[5, 0, 0]
m18H:
[5, 0, 0]
resQ:
[0, 0, 0, 0, 0, 2, 0, 0, 0]
m0Q:
[0, 0, 0, 0, 0, 2, 0, 0, 0]
m1Q:
[0, 0, 0, 0, 0, 0, 0, 0, 2]
m2Q:
[0, 0, 2, 0, 0, 0, 0, 0, 0]
m3Q:
[0, 2, 0, 0, 0, 0, 0, 0, 0]
m4Q:
[0, 0, 0, 0, 0, 0, 0, 2, 0]
m5Q:
[0, 0, 0, 0, 0, 0, 0, 2, 0]
m6Q:
[0, 0, 0, 0, 2, 0, 0, 0, 0]
m7Q:
[0, 0, 0, 0, 0, 0, 3, 0, 0]
m8Q:
[3, 0, 0, 0, 0, 0, 0, 0, 0]
m9Q:
[3, 0, 0, 0, 0, 0, 0, 0, 0]
m11Q:
[0, 0, 2, 0, 0, 0, 0, 0, 0]
m10Q:
[3, 0, 0, 0, 0, 0, 0, 0, 0]
m13Q:
[0, 0, 0, 0, 0, 0, 3, 0, 0]
m12Q:
[3, 0, 0, 0, 0, 0, 0, 0, 0]
m15Q:
[3, 0, 0, 0, 0, 0, 0, 0, 0]
m14Q:
[0, 0, 0, 3, 0, 0, 0, 0, 0]
m17Q:
[0, 0, 0, 3, 0, 0, 0, 0, 0]
m16Q:
[3, 0, 0, 0, 0, 0, 0, 0, 0]
m18Q:
[0, 0, 0, 3, 0, 0, 0, 0, 0]
u1qs:
[5, 0, 0, 0, 0, 0, 0, 0, 0]
u2qs:
[0, 3, 0, 0, 0, 0, 0, 0, 0]
u3qs:
[0, 0, 3, 0, 0, 0, 0, 0, 0]
u1qc:
[3, 0, 0, 0, 0, 2, 0, 0, 0]
u2qc:
[0, 2, 0, 0, 0, 0, 0, 0, 0]
u3qc:
[0, 0, 2, 0, 0, 0, 0, 0, 0]
103.81240463256836
