n = 4
principals = [4, 4, 7, 4]
sat
resH:
[4, 0, 0, 0]
m0H:
[3, 0, 0, 0]
m1H:
[3, 0, 0, 0]
m2H:
[0, 0, 5, 0]
m3H:
[3, 0, 0, 0]
m4H:
[3, 0, 0, 0]
m5H:
[0, 0, 0, 3]
m6H:
[0, 0, 0, 3]
m7H:
[0, 0, 0, 3]
m8H:
[0, 0, 0, 3]
resQ:
[0, 0, 0, 0, 0, 0, 0, 2, 2, 0, 0, 0, 0, 0, 0, 0]
m0Q:
[0, 0, 0, 0, 0, 0, 0, 0, 2, 0, 0, 0, 0, 0, 0, 0]
m1Q:
[0, 0, 0, 0, 0, 0, 0, 0, 0, 0, 3, 0, 0, 0, 0, 0]
m2Q:
[0, 0, 0, 0, 0, 0, 0, 0, 0, 0, 0, 0, 2, 0, 0, 0]
m3Q:
[0, 0, 0, 0, 2, 0, 0, 0, 0, 0, 0, 0, 0, 0, 0, 0]
m4Q:
[0, 0, 0, 0, 0, 0, 0, 0, 0, 0, 0, 0, 0, 0, 0, 2]
m5Q:
[0, 0, 0, 2, 0, 0, 0, 0, 0, 0, 0, 0, 0, 0, 0, 0]
m6Q:
[0, 0, 0, 0, 0, 0, 0, 0, 0, 0, 0, 0, 0, 0, 0, 2]
m7Q:
[0, 0, 0, 0, 0, 0, 0, 0, 0, 0, 0, 0, 0, 0, 0, 2]
m8Q:
[0, 0, 0, 0, 2, 0, 0, 0, 0, 0, 0, 0, 0, 0, 0, 0]
Snappqs:
[0, 0, 0, 0, 0, 0, 0, 0, 0, 0, 0, 3, 0, 0, 0, 0]
Bobqs:
[0, 0, 0, 0, 0, 0, 0, 0, 3, 0, 0, 0, 0, 0, 0, 0]
Aliceqs:
[0, 0, 0, 0, 0, 0, 0, 0, 3, 0, 0, 0, 0, 0, 0, 0]
mapServqs:
[0, 0, 0, 0, 0, 0, 0, 0, 0, 0, 5, 0, 0, 0, 0, 0]
Snappqc:
[0, 0, 0, 0, 0, 0, 0, 0, 0, 0, 0, 2, 0, 0, 0, 0]
Bobqc:
[2, 0, 0, 0, 0, 0, 0, 0, 0, 0, 0, 0, 0, 0, 0, 2]
Aliceqc:
[0, 0, 0, 0, 0, 0, 0, 0, 2, 0, 0, 0, 0, 0, 0, 2]
mapServqc:
[0, 0, 0, 0, 0, 0, 0, 0, 0, 0, 0, 0, 0, 0, 3, 0]
SnappH:
[0, 0, 0, 4]
BobH:
[4, 0, 0, 0]
AliceH:
[4, 0, 0, 0]
mapServH:
[0, 0, 7, 0]
361.1285333633423
