n = 3
principals = [4, 7, 1]
sat
resH:
[0, 0, 1]
m0H:
[0, 0, 1]
m1H:
[0, 0, 1]
m2H:
[0, 0, 1]
m3H:
[0, 5, 0]
m4H:
[0, 5, 0]
m5H:
[0, 0, 1]
m6H:
[3, 0, 0]
m7H:
[3, 0, 0]
m8H:
[3, 0, 0]
resQ:
[0, 0, 0, 0, 0, 1, 0, 0, 0]
m0Q:
[0, 0, 0, 0, 0, 1, 0, 0, 0]
m1Q:
[0, 0, 1, 0, 0, 0, 0, 0, 0]
m2Q:
[0, 3, 0, 0, 0, 0, 0, 0, 0]
m3Q:
[0, 0, 0, 0, 3, 0, 0, 0, 0]
m4Q:
[0, 0, 1, 0, 0, 0, 0, 0, 0]
m5Q:
[0, 0, 0, 2, 0, 0, 0, 0, 0]
m6Q:
[0, 0, 0, 2, 0, 0, 0, 0, 0]
m7Q:
[0, 0, 0, 2, 0, 0, 0, 0, 0]
m8Q:
[0, 0, 0, 0, 0, 1, 0, 0, 0]
Aqs:
[3, 0, 0, 0, 0, 0, 0, 0, 0]
Bqs:
[0, 0, 0, 0, 0, 0, 0, 5, 0]
userqs:
[0, 0, 1, 0, 0, 0, 0, 0, 0]
Aqc:
[0, 0, 0, 2, 0, 0, 0, 0, 0]
Bqc:
[0, 0, 0, 0, 3, 0, 0, 0, 0]
userqc:
[2, 0, 0, 0, 0, 0, 0, 0, 1]
AH:
[4, 0, 0]
BH:
[0, 7, 0]
userH:
[0, 0, 1]
22.40613055229187
